0.839266 2.030872 0.071448 -0.282610 0.705319
-0.187176 -0.592403 -0.932570 -3.428924 0.733697
-1.651784 -0.783450 0.272296 -0.352819 2.149814
-1.509240 2.238721 1.380585 0.909096 1.439312
0.322515 -1.608797 0.409977 -1.519208 -0.541209
-0.078082 -0.911063 0.941079 -0.213758 0.409308
-0.019913 0.080669 -0.904259 -1.120695 -0.262548
-0.979001 1.458567 -1.393983 2.341860 0.226101
0.060704 -0.555325 0.668547 -0.207940 0.300474
0.836143 0.659393 1.235442 0.543293 -0.963149
-2.123056 0.350355 0.188590 1.866752 -0.128316
0.277226 1.001188 0.399017 0.754339 -0.816347
-0.976366 -0.280561 -2.174066 -0.039580 -0.659583
0.309238 -0.371330 -1.121443 1.339928 -0.035102
0.830248 0.400409 0.409764 -1.448594 1.388913
0.865840 0.015233 0.274969 0.981272 -0.359621
-1.584742 -0.355811 0.160096 -0.033708 1.317566
-0.959902 -0.833291 -1.058047 0.428741 -1.526034
0.659829 -0.913554 -0.835781 1.775866 1.208374
0.030858 -0.950181 1.939803 -0.248734 0.014275
0.846735 -2.048568 -0.774229 -0.082035 0.188326
-1.378512 0.236103 0.039584 1.654350 1.022883
-0.316207 -0.147908 0.979943 0.237306 -1.316641
2.093791 -0.989869 2.478970 0.427955 -0.635441
-2.432961 0.739687 -1.630796 0.363397 1.750269
-1.260136 0.892496 -0.853364 1.086825 -0.006881
-0.042744 1.139102 0.611221 -0.816029 1.843088
-1.627485 0.231205 -0.833601 -1.530912 -1.108025
-0.119229 0.174991 1.024827 1.542363 0.210141
-0.443193 1.039017 -0.614641 -1.595615 0.939012
1.228743 -0.825898 1.888108 0.588969 0.289739
-0.516686 1.017289 -1.524378 -0.339790 -0.733163
-1.308933 0.862987 0.341138 0.804692 -0.278300
0.893786 -0.140480 -0.533120 -0.662609 -1.729851
1.163246 1.041638 2.925888 -0.322818 -0.685479
-1.731245 0.991275 0.688140 1.536676 -0.841698
0.541121 -0.655095 1.117834 0.489718 -1.402822
-0.199281 -1.903363 -1.218992 -1.090094 -0.717036
-0.262686 0.164583 0.114546 -0.023860 0.332385
-1.253979 0.159082 1.393357 -0.176838 0.525760
0.401625 0.862268 0.273862 0.845365 0.507291
0.655006 0.434658 -1.017832 -1.166368 -0.338154
1.537320 -0.192837 0.286929 -1.967105 0.186393
0.035792 -2.468831 0.147641 -1.748251 -0.447178
0.960405 0.252245 -0.529497 -0.572042 -0.391069
0.160889 -1.200643 1.124417 -1.147564 -1.727058
0.915651 -0.485217 -0.019810 0.655951 -0.733056
0.137140 0.649490 1.643462 -0.511060 -0.462947
0.554569 0.174912 -0.145563 1.588223 -1.617983
-1.421745 -1.670882 1.201680 0.514723 -1.370745
-0.123033 -0.027676 -2.209220 0.188277 -1.177546
0.676067 -1.434021 0.140843 1.318304 1.152436
0.413655 -0.087843 -1.614284 -0.503178 -0.123704
-0.358279 -1.604973 0.368425 -1.168083 1.613709
0.114645 0.911443 0.986583 2.060821 0.203755
-0.411601 -0.374014 1.519537 -1.336040 -0.883893
0.235874 -0.154443 0.965306 -1.339577 -0.062986
-0.187015 -1.074878 0.878420 -0.092575 -0.127362
-0.829624 -0.382525 -1.019577 0.860546 1.042489
1.571360 0.560710 -0.505555 -0.487399 0.310324
0.138144 -0.190469 -0.245552 1.221185 -0.620994
1.346676 0.182136 -0.367881 -0.785269 -0.154525
0.465791 -0.467630 0.858463 -0.392981 -0.245330
-1.337587 0.656471 -0.289896 1.537564 0.619392
0.074143 1.205490 0.376170 1.020924 -0.897568
0.424791 0.477046 -1.603825 1.426906 -0.852061
-1.334009 -2.670362 0.473020 -1.678022 -0.614137
0.833055 0.233638 -0.734322 -1.578241 -0.167942
0.855275 0.700836 1.786781 -0.653459 -1.317034
0.309770 0.207129 -0.015472 -0.738771 -2.670855
-1.007310 0.570275 0.282686 0.961207 0.340065
0.736017 0.764732 0.000723 0.027499 -2.908862
-0.710666 -0.438117 -0.148413 -1.028134 1.086117
-0.895010 1.014910 -0.990346 -0.558026 -0.705874
-0.497648 1.167523 -0.330878 -0.287215 -0.763643
-0.259793 0.216449 -0.215161 -0.150292 1.016030
0.248235 -1.156651 -0.062268 -0.573840 0.453548
0.085470 1.128051 -0.770125 -0.212819 -1.037685
-0.045973 -1.561194 0.318264 -0.058975 0.246285
0.782130 0.374409 -1.369653 -0.584778 -0.104505
-0.343505 -0.329595 1.587079 0.080627 0.554641
-2.009484 0.741832 2.851335 1.342698 -0.458784
2.260841 -0.046086 0.278637 -0.222436 -0.362131
-2.261756 0.574957 -0.310912 -0.156546 0.321418
-0.477791 0.033770 1.051444 0.437050 -0.067494
-0.184574 0.493271 -0.822155 0.111165 0.585047
0.087516 -0.424133 -0.287104 0.652169 -1.100176
-0.816457 -1.606901 0.033999 0.861888 1.331482
1.548488 -0.696991 0.249072 -0.404141 1.661363
1.286516 0.139919 -0.659353 -3.443835 -1.453374
-1.864609 -1.484724 1.836666 -1.261727 -1.104222
-0.921451 2.591789 -0.068129 1.001557 0.162778
-1.986394 1.530041 0.401601 -0.122125 1.760127
-0.390062 -0.201364 -0.399543 1.062792 0.922390
0.278619 -1.051768 -0.370234 -1.052084 1.160368
-1.574728 1.594376 1.287653 -0.918529 -0.416531
-0.720776 0.399432 1.418754 1.216683 -0.502520
1.254807 1.171822 -0.188834 -0.009458 1.541714
1.050635 1.113640 2.566176 0.519413 0.479163
1.354279 1.980296 -0.614332 -0.199485 -1.022656
0.320112 1.339526 -0.968668 1.050069 -0.591203
-0.640471 0.881653 -0.777765 -1.336535 0.702419
-0.184918 1.003429 0.735682 -1.722843 1.288582
1.873603 1.191263 1.048431 -0.244372 -0.469773
0.171400 0.945197 0.885379 -0.476477 -0.405214
-1.490153 0.646920 -0.427343 -0.301045 1.727875
0.598383 0.322937 0.830192 1.420614 -1.617481
-0.685301 -0.239397 -1.125778 -0.371293 -1.297776
0.922176 -0.517540 0.197271 0.051309 0.557236
-2.460890 0.450264 -0.275092 0.406864 -1.179453
0.405640 1.252536 0.145820 -0.730967 -0.572020
0.563327 0.488600 0.321172 -0.044004 0.239024
-0.064909 -0.380881 0.757477 0.310117 1.290542
1.040691 0.169277 0.411391 -0.896292 -0.123942
0.308499 -1.784427 0.422938 -0.925262 -0.817622
-0.552188 -0.062369 -1.316540 0.843869 0.197547
1.895231 0.315895 0.495762 -0.887600 -1.222039
0.613570 -1.142937 0.578431 1.697976 1.040675
0.527243 0.288386 -0.371715 -0.169187 -0.647118
-1.315404 0.035427 1.107889 -1.288799 1.398496
1.143394 0.564998 0.351223 -0.217923 -0.118388
-0.490679 -0.067926 0.128000 1.900054 0.577866
-0.277909 -0.328498 -0.781851 -0.476637 0.851952
-0.493967 -0.617536 -0.592513 -0.729179 1.127185
0.048122 -0.198096 -0.081047 0.184710 -0.825922
-1.439770 1.292362 0.850098 0.303200 1.170622
1.914364 -0.535404 -1.120034 0.661517 -1.466826
-0.065935 -0.193090 0.563247 -0.544680 1.126853
