-0.850598 0.830586 -1.375415 0.051739 0.756453 -0.746254 0.266806 -0.924497 0.214017 -1.625914 -0.422465 -0.176899 1.101832
0.229447 0.817405 0.367633 0.525967 -0.383068 1.011823 -0.130939 -1.775885 -0.388567 0.353624 -1.637645 -0.989105 -1.268011
0.774866 1.619513 -0.289601 0.516573 0.323747 1.624817 -0.652724 -0.001864 -0.277608 -0.010003 2.446489 0.016518 -0.876479
-1.154497 1.252645 -0.859255 0.663587 -0.679691 -1.266693 0.605200 -0.630745 0.425426 0.499283 0.546265 -0.268149 0.686184
-0.783096 -2.747976 0.541058 0.084044 -0.664756 -1.302154 -1.756160 -0.488855 1.658523 -0.370840 -0.374908 0.114157 2.034736
0.765640 -0.970016 -0.022968 0.317075 -1.070930 0.747969 -0.695743 -1.511509 0.032792 -0.112486 -0.005277 -0.769067 -0.640908
1.181430 0.327264 -1.276200 -1.921823 -0.951875 0.272348 -0.649622 -0.550822 -0.534925 -0.264966 0.622511 -0.046322 0.062755
-0.125575 -0.537977 1.162165 0.920012 1.943100 0.694182 -0.509904 -1.076805 0.923144 -0.928205 0.789476 -0.753291 0.336408
-1.089855 0.709847 -1.176386 0.322224 -0.471287 0.345428 -0.360120 -0.426028 0.075326 -1.173139 -1.038515 -0.356981 -0.306484
-0.987970 0.882426 -0.416300 -0.261295 -1.367651 2.197130 2.407795 -0.829060 1.016830 -0.136623 1.579344 0.306806 0.019240
-2.507108 -0.928310 -0.068050 0.134114 -1.386299 -0.778087 0.750763 -1.477659 0.153752 1.132021 0.459405 0.444455 -2.054550
-0.862942 1.902366 -0.500515 1.476846 -0.698880 -0.341451 0.507996 0.039100 0.220229 -0.544700 -0.994945 -0.929032 -0.730053
-0.232047 0.997129 0.012482 0.479038 0.141127 -1.115434 0.133445 0.130686 0.725152 -1.092739 -2.040411 0.142118 0.354976
-0.125230 -0.025789 0.815266 -0.520055 -0.382264 0.021222 -1.222833 -0.196429 -0.119745 1.630368 -0.278449 0.265741 0.919973
-0.839605 1.384362 1.742938 -0.032616 -0.503689 1.625091 0.796655 -0.010859 1.365072 1.314734 -0.344252 0.250655 0.551808
0.071379 -1.525371 -0.872339 -1.053580 0.619637 -0.861856 0.216630 1.508614 0.790496 -2.121903 -1.242491 -0.865782 -1.292765
-1.680908 -0.188084 0.659401 0.771877 -0.706127 -0.452044 0.485780 -0.213269 0.674540 0.475345 -0.369967 -1.592458 1.420243
-0.702261 0.210525 -1.972029 0.140068 0.293224 0.225694 3.255249 -0.877232 0.528912 0.412662 -0.675169 0.822749 -0.261813
0.824147 1.787950 0.076045 -0.443445 0.735651 1.544360 -0.856685 -0.462113 0.457968 -0.314508 -0.889282 0.820756 0.597534
-0.333005 -0.050122 -0.476168 -1.174565 -0.577089 0.213606 -1.132078 -0.717735 0.085538 0.964039 -0.238662 -1.213440 -0.281810
-0.426037 0.364212 -0.625865 -2.642045 3.264641 0.200345 0.027013 -1.179725 -1.619465 -0.271670 0.153206 0.708915 0.119984
-1.238240 -2.708266 -0.143546 -0.546615 -0.923082 0.970103 -1.424018 0.439952 -1.668661 0.130684 0.921828 -0.479341 1.558989
1.833886 0.097601 0.397284 1.101704 0.684638 0.535651 -0.430051 -1.596451 -1.459454 2.412897 0.461447 -0.292034 1.215480
-0.624935 0.472439 -0.134000 0.379642 -0.445718 -0.975002 -0.747760 -1.151730 -0.358981 -1.651794 -1.178618 0.171578 -0.232889
0.273319 -0.104488 2.404363 0.104223 -0.429930 0.103599 1.019933 -0.064404 0.610198 0.352243 -0.321227 0.076996 1.575805
0.152539 -1.124947 -0.304523 -1.932257 0.276989 1.610448 -1.439200 0.118513 0.622729 0.826003 1.246061 -1.938330 0.347069
-1.556301 -1.229144 0.682513 0.770940 0.399189 -0.882037 1.290750 0.764312 0.579338 -1.205910 1.241159 -0.358910 -0.553916
0.478615 0.423119 -0.920008 2.260970 1.530297 0.540179 0.438764 0.000479 -1.531673 0.330139 0.420231 -0.609085 -0.372912
-2.336736 -1.347949 0.816174 1.728305 -0.844505 0.359162 1.100887 -0.161513 0.496196 -0.364232 1.063694 -1.018220 -1.159707
0.276600 0.092109 -0.068349 0.570857 -0.876564 -1.382193 -0.500108 -0.410513 -0.292505 1.262503 0.770367 0.532135 0.199074
-0.552199 -1.085971 -1.076364 -0.766882 -0.581703 -0.774540 0.099967 -0.007801 -0.596552 0.921728 -2.625498 -0.275439 -2.278258
0.231080 0.762175 -1.351109 -1.223058 -1.701467 0.063642 -0.340789 -0.279140 -0.368028 -0.973599 1.136909 0.272341 -1.184900
-0.700547 -0.872069 1.405928 0.711219 -0.126489 1.707221 1.452044 -0.230711 -0.410565 -0.362364 -0.952747 1.733974 -1.006413
0.813223 0.557080 -0.427158 1.922425 -1.758985 -0.201728 -0.529976 0.726244 0.378401 -1.450321 1.241373 0.488418 -1.047883
-0.332448 -1.296993 -0.156364 0.229639 -0.397848 -0.450464 -1.623274 0.310393 -1.937588 0.031079 -1.812148 0.050953 -0.009992
0.501189 0.591932 0.706014 -1.372932 -0.136250 1.987191 0.033532 -0.307596 -0.088946 -0.756386 -1.395684 1.061546 0.512593
-1.137733 -0.608491 -0.762038 -1.201566 -1.378264 -1.163116 0.183017 -0.582391 -1.170363 -0.483887 0.743249 0.492355 0.559176
-0.092251 1.275082 0.315553 0.216645 0.015595 -1.095730 0.016386 0.039537 0.315735 -0.502803 2.506263 -0.277314 -1.858200
1.213267 0.607127 0.231689 -0.464921 0.393347 1.619016 0.201633 -1.470034 -3.453354 0.384560 -0.985914 -0.099713 -0.809078
-0.820218 -0.777036 -0.704027 0.715979 0.511624 -1.211695 -1.062597 0.188698 1.043205 1.005372 -0.868112 0.991248 -1.822982
-0.202884 0.487026 -2.078805 2.092857 1.326695 0.647004 -0.965028 -0.068104 0.790420 -1.122662 -0.180474 0.910384 -1.494595
0.567766 -1.842105 -1.054830 -0.474186 0.427611 -0.745868 0.154814 -0.727375 -0.630029 1.188470 -1.192329 0.726564 -0.109106
-0.598123 -1.262643 -1.235705 -0.723249 -0.107190 0.921428 -0.324486 -0.174539 -0.127534 0.304983 0.611218 -1.409601 -0.239236
1.102072 -1.478658 0.012992 -0.143937 -0.620924 1.518045 0.050451 1.247820 -0.061518 0.766864 -0.442925 -0.419431 0.298467
0.554284 0.513628 0.303918 -1.246616 -0.846303 0.849943 -1.917063 0.236814 -0.183760 0.839563 0.362785 -0.683238 -0.769337
-0.522865 0.575509 -2.302326 0.157379 -0.883041 0.190835 0.347369 -1.662327 -0.229058 0.152606 0.087950 -0.122297 -1.220673
-1.052368 -1.566011 0.352160 0.017024 -0.179632 -1.824597 0.127577 0.376865 -1.886778 -0.014451 -1.651947 -0.423644 -1.008786
0.359037 0.163313 1.283402 -0.059495 0.314684 -0.559070 -1.103065 0.819748 1.240008 0.703441 0.160415 -0.978256 1.156383
0.588072 1.971407 -1.152517 1.179174 0.454850 -0.355861 1.371933 0.479824 -0.799012 -0.165194 -1.026947 -0.468639 0.655911
0.904765 0.181455 -0.754147 0.359341 0.593628 -1.987111 0.113507 -0.311121 0.920623 0.372219 0.659981 -0.463737 -0.053684
0.864202 -0.169858 0.310170 -1.558685 -0.318913 -2.029091 -0.250816 -0.340731 0.415210 -1.051632 0.605324 1.390835 -0.736151
-1.515986 0.193403 -1.237695 -0.878672 0.686214 1.824864 -0.998274 -0.968401 -0.515262 -0.616683 2.207801 -0.462658 -0.471186
1.510362 0.227463 0.826691 -1.071825 -0.360380 -0.913345 0.857625 0.897763 -1.260255 -0.509616 -0.205422 -1.274453 -0.930845
0.876250 -1.181130 -0.047023 -1.165195 -0.186730 -0.726055 -1.198603 0.964712 0.767588 -1.175200 -0.281248 0.204093 -1.940482
-1.269945 1.223439 -1.141368 1.261303 -1.394016 0.659200 -0.325544 -0.276990 1.735443 -1.276241 0.526477 0.491486 3.330599
-1.115635 -0.690662 0.648392 -0.235611 -0.293392 0.830252 -0.041376 -0.997391 0.912810 0.548709 -0.331305 -0.359671 -0.982326
0.821431 -0.418581 -0.851841 -1.289297 0.230987 -0.550741 -2.012396 -1.223361 -0.306185 -0.278096 -0.256861 -0.384479 -1.513956
-0.874705 1.176748 0.993848 0.576444 0.597810 0.894224 -1.126871 0.005636 -1.123408 -1.105037 0.348147 0.948224 -0.203708
1.676358 0.107906 -0.824003 -0.675316 0.916909 0.146772 0.627200 -2.717815 0.217108 -0.534181 -1.449266 -0.080761 1.094430
2.328750 0.033144 -0.718439 -0.825979 0.624341 -1.062111 0.716925 -0.205962 0.119139 -1.429290 -0.255970 -1.364932 -0.715113
0.918901 1.207373 0.195012 -0.545374 1.576250 -0.583591 -1.142170 0.664710 0.431431 -0.565445 0.091309 0.401349 0.265452
0.464572 -0.508460 0.521753 0.017558 -0.475428 -0.245885 -0.097902 -1.445379 -0.638776 0.064906 -1.351513 -0.620532 2.382159
-0.902846 -0.659012 -0.869711 -0.208861 -1.255089 -0.337457 -0.589513 0.952849 -0.188795 -1.278764 0.853435 -0.648265 -1.841205
0.004842 1.785317 -1.893477 -1.074586 0.631749 -0.670337 0.595879 -0.882856 0.100707 1.702109 -1.209378 1.051795 0.774104
-1.335574 0.400071 -0.056419 -0.077206 0.358906 -0.378925 0.240019 0.378607 0.680670 -1.575577 1.228860 -1.046361 0.623480
0.112652 -1.324855 0.497528 -1.035326 1.099004 -0.784212 -1.494986 1.404639 0.153428 1.010713 -0.777974 -1.904012 1.574719
0.116585 0.254979 0.658040 -0.487363 -0.094300 1.617532 0.031214 0.508113 -2.157609 0.928858 -1.439715 1.288323 0.289160
-0.140510 -0.117466 -0.260821 -0.864527 -0.380931 2.249630 1.297309 -0.871079 0.249872 0.186782 -0.154461 -0.998686 0.457631
0.846075 -0.833902 1.955538 1.522003 0.548163 -1.231720 0.401409 0.281978 0.513152 1.590464 -0.175974 2.047827 0.406501
-0.292569 2.394775 0.825756 -0.455633 0.077323 0.635029 -0.150861 0.121539 -0.820751 -1.698885 0.105843 0.127215 0.559668
-0.571835 -1.343703 -0.978987 1.085585 -0.667362 -0.443544 -0.312414 -0.622691 -0.697725 -0.869087 1.397855 0.679922 1.239440
1.441271 -2.359460 0.334572 -0.595393 1.055669 -0.758412 -1.054150 -1.444569 -0.307448 0.888287 0.250253 -1.167663 2.169571
0.541064 0.561517 1.220966 -1.409355 -0.722818 0.562561 -0.961128 -0.028462 -0.466613 -0.999129 -0.433609 0.934997 0.544082
1.091242 0.996160 0.383059 0.308815 0.234861 -0.634054 -1.005261 -0.691393 -0.332731 -0.704634 0.413542 0.185672 0.360563
0.629795 1.034940 -0.241229 0.878595 0.309031 1.062057 1.804920 0.441758 -0.094026 -0.046991 -0.527204 -0.358001 0.737731
-1.060356 1.532097 -0.185199 2.850062 -0.952267 0.224537 -0.269055 -0.973664 0.942264 -1.127301 -0.440096 0.610078 0.687114
-1.422248 0.432492 0.071171 -0.895194 -0.420172 -1.889910 2.081237 0.950208 -1.296390 0.633339 -0.570714 0.851631 -0.640464
-0.309838 -0.535139 -0.766818 1.431198 0.426251 -0.023815 1.042422 -1.726452 -1.358455 0.434352 0.678162 0.738782 -1.973567
-1.114944 0.292647 2.363233 1.150003 1.680853 0.207816 0.250069 -1.210018 0.757478 -0.111338 0.752681 0.216187 0.091130
-0.005938 0.216878 0.997490 -1.275812 -1.397672 0.397773 1.352920 1.372324 -1.378075 -0.405525 -1.565513 -0.620655 1.068650
-0.021159 -0.537256 0.441042 -0.872461 1.308467 -0.155785 -0.409936 0.534539 0.879925 1.482488 -0.179310 1.385660 0.119092
-0.611381 -0.770999 -1.101339 -0.722230 1.114215 0.706677 -1.271038 -1.762038 -1.099509 -0.777312 -0.327266 1.168999 -0.548874
1.751870 -1.707946 -0.372152 0.782157 0.790157 -0.349595 1.001753 0.755172 -0.686619 0.327210 0.707644 -0.613941 1.645908
-0.840221 0.140615 -1.251080 0.103281 -1.082610 -0.294129 -1.586598 0.792642 0.354000 1.052681 -0.347899 1.132418 0.079353
0.213482 1.712452 -0.909133 0.875262 0.494236 -0.657811 -1.086866 -0.935408 1.017450 1.628746 -0.082374 0.484521 0.438189
-0.035159 0.760945 0.139497 0.346809 -1.028826 -0.984536 -2.978824 1.148630 -0.231108 -0.383566 -1.911646 -0.409883 -0.960220
-0.842139 0.277552 0.165467 -1.158850 -1.486086 -1.231773 1.685098 1.286886 -0.826120 -2.035491 0.251938 -0.003228 0.232109
0.735842 0.406573 -1.143673 0.292883 0.873081 -0.751736 0.292610 -0.624505 1.848199 -1.342040 1.161096 -1.642512 1.765797
-1.131883 0.167232 -1.672176 -1.350503 0.810969 1.068105 0.229993 0.640010 0.897379 -0.721049 -1.417007 -0.014812 -0.540972
0.489126 0.255777 -0.767825 1.001337 0.451521 0.715358 -0.494678 0.599747 0.145241 0.619512 1.502930 0.575712 -0.730963
-1.167063 1.047369 0.285253 1.694002 -2.280457 0.871756 -0.284050 -0.479103 -0.801012 0.991523 0.625316 -1.131152 0.282233
0.725893 0.114921 1.087978 -0.188109 -2.297184 0.157488 0.142828 0.260375 1.094778 -1.903549 -0.295018 -0.864017 -1.226050
-0.164397 0.464238 0.397042 -0.665650 0.105605 1.049952 0.676851 -0.854069 -0.847109 -1.735852 -0.318335 -1.574668 1.839178
-0.879160 1.064481 1.671819 0.187473 -0.207855 -1.177087 -0.355642 1.596668 0.494284 -0.109026 1.268267 0.578294 -0.096673
0.216256 -0.768065 -0.561041 -0.206299 0.557471 -1.247363 0.076240 -0.389862 -0.900929 -0.384492 -2.321403 -0.757589 -1.099487
-0.293932 -2.306055 0.350924 0.922740 -0.203621 0.498855 -0.412065 -1.631513 -0.110577 0.636638 -1.331219 -0.501734 -0.256489
2.846831 0.229194 -1.921672 -2.112486 0.735702 2.480605 -0.303533 -0.430541 0.619558 -0.801664 -2.561338 1.037190 -0.632405
1.054935 -0.762645 0.115443 0.854832 1.065747 0.232989 0.183239 0.612169 0.460693 -1.291277 -1.273511 -2.110744 0.758569
-0.399984 0.787361 0.402016 -0.800363 -0.130994 -0.459014 -0.619336 0.872492 2.508475 1.134474 -0.038905 1.259508 1.704878
-1.398171 1.152963 0.549144 1.218086 0.806232 -0.126763 2.035749 0.572401 -0.412989 0.375123 0.821990 0.025098 0.413709
0.094163 -0.733715 -0.841754 -1.217165 1.487708 -0.247311 -3.434565 0.353460 0.341817 -1.825662 -0.852004 -0.820191 -0.768190
1.462196 -0.437375 -0.801691 0.996581 0.275866 -1.515287 -0.603903 0.707130 -1.027216 1.514885 -0.064274 -0.679570 -1.022391
1.096811 -0.708519 0.234822 -1.172001 0.009420 -0.639271 -0.212843 -0.879645 0.916846 -0.505992 -0.154902 -0.146674 1.494039
0.842937 0.718022 -1.633911 -0.693976 1.074702 -1.251617 0.140467 -1.122441 -1.015243 1.719561 0.717513 0.964658 0.814982
-0.220588 -0.858179 -0.266159 -0.139472 1.543829 -0.860909 -0.375790 -0.592060 0.478044 1.491290 0.209061 0.330081 0.002986
0.430084 0.748817 0.401356 0.532339 0.633734 -1.613832 -0.000059 0.166119 0.511595 -0.273743 0.127996 -0.716264 -1.763169
0.919298 -1.254641 -0.104258 -0.736592 1.596269 0.090385 -0.202919 0.537466 1.608467 0.232261 -0.255803 0.611711 -1.763406
0.290825 1.786792 0.028392 0.324110 -0.215112 -0.399593 0.286199 0.561329 -0.458699 -2.542404 0.550830 2.061232 -0.452060
-1.363401 0.571018 1.595334 0.562622 1.662553 0.789023 0.907953 -0.551760 0.180462 -0.068413 -0.107372 -0.277250 0.184233
-1.317703 0.775754 -0.885908 -0.287936 0.462989 -0.887332 -1.958365 -0.350345 -1.486797 0.686924 -1.079256 1.495497 -0.051086
0.011915 -1.992059 0.105107 -0.270514 -1.445005 0.032212 -0.461420 -0.393476 0.015031 -0.265725 0.186717 0.003543 0.435267
-0.532298 -1.052248 -0.709676 1.442589 0.952387 1.213379 1.270413 -0.477232 0.300304 0.067704 0.653263 -0.290286 0.100073
0.070807 0.511371 0.594720 0.133477 0.186266 0.224934 1.625222 -1.760328 -1.004827 0.671434 0.245388 0.261391 0.649766
0.144871 -0.764811 0.493033 -0.346028 -0.152812 0.516661 0.901183 0.287059 1.645807 1.195246 0.880771 2.727168 -0.119029
-0.463301 0.851084 -0.291793 -0.049683 -1.017308 0.562654 -1.489304 -0.136530 -0.025882 -0.310290 -1.742696 -1.751357 -0.769141
0.554807 0.273556 -0.053769 -0.852162 0.366857 -1.801944 -2.403335 -0.316496 -0.671436 1.010205 0.136712 1.641262 -0.558835
0.558121 -0.281307 1.343202 -0.252930 0.748532 -1.102548 -0.415213 -0.090976 1.228059 -2.223846 -0.348572 -0.353946 -2.063250
-0.453341 -1.642318 -2.408789 -0.076553 -0.398655 -0.316094 0.201726 -1.039454 1.786462 0.098914 1.170426 -1.631678 -0.872340
0.527996 -0.438593 -1.103830 -1.569420 0.820138 0.632820 0.286352 -0.815063 -1.234953 0.119273 -1.235530 -0.763460 1.044061
-1.861677 0.676016 1.493941 0.804804 0.397980 -0.470832 -0.645888 -2.249245 0.037007 -0.382062 -0.698034 -0.020081 0.061096
-0.631469 1.429509 0.660669 1.171204 -0.159105 0.481557 -0.838733 0.617471 -0.174684 -1.108392 -0.094958 -0.181281 2.305100
0.403463 1.549502 1.118214 0.009282 -0.514627 -1.744923 -0.873246 0.617895 -0.309709 0.407455 -1.923707 0.452187 1.067863
-1.613565 0.307105 1.231848 1.669775 -0.581825 0.776011 1.429790 0.352698 1.305118 -0.015941 0.342497 -0.646606 -0.242855
0.428687 -0.735070 -0.245016 0.725676 1.989835 -2.071977 1.976577 -0.262298 0.944519 1.142174 1.560718 -0.639673 -0.233555
0.064725 -0.543744 1.168662 0.138944 -1.556628 -0.391626 -1.420172 -0.260191 -0.002096 -0.928458 -0.560554 -0.332855 0.022750
0.585619 0.666864 2.090347 0.231379 0.680737 -1.640056 -0.410441 -0.352418 -1.113069 -0.496198 -0.175533 -0.393945 2.543069
0.512275 2.001023 1.492651 -0.639246 0.037560 -0.434825 -0.161823 -0.976434 -0.441535 0.359519 0.333122 0.253404 -0.059675
0.994653 -0.412142 1.202062 -1.563644 0.520765 0.740527 -0.760308 -0.173191 0.175662 0.723185 -1.895799 0.488871 -0.474610
